10101 9003
10102 9003
10131 9001
10132 9001
10201 9003
10202 9003
10203 9003
10231 9001
10232 9001
10233 9001
10301 9003
10302 9003
10331 9001
10332 9001
10401 9003
10402 9003
10403 9003
10404 9003
10405 9003
10406 9003
10407 9003
10408 9003
10420 9001
10431 9001
10432 9001
10433 9001
10434 9001
10435 9001
10436 9001
10501 9003
10502 9003
10503 9003
10531 9001
10532 9001
10533 9001
10600 9003
10630 9001
10700 9003
10730 9001
10901 9003
10902 9003
10903 9003
10931 9001
10932 9001
10933 9001
10934 9001
11001 9003
11002 9003
11031 9001
11032 9001
11101 9003
11102 9003
11103 9003
11131 9001
11132 9001
11133 9001
11201 9003
11202 9003
11231 9001
11232 9001
11301 9003
11302 9003
11331 9001
11332 9001
11401 9003
11402 9003
11431 9001
11432 9001
11501 9003
11502 9003
11531 9001
11532 9001
11601 9003
11602 9003
11630 9001
11631 9001
11632 9001
11701 9003
11702 9003
11731 9001
11732 9001
11801 9003
11802 9003
11831 9001
11832 9001
11851 9001
11852 9001
11853 9001
11900 9003
11930 9001
12001 9003
12002 9003
12031 9001
12032 9001
12101 9003
12102 9003
12103 9003
12111 9003
12112 9003
12113 9003
12141 9001
12142 9001
12143 9001
12150 9001
12201 9003
12202 9003
12203 9003
12231 9001
12232 9001
12233 9001
12301 9003
12302 9003
12331 9001
12332 9001
12401 9003
12402 9003
12403 9003
12431 9001
12432 9001
12433 9001
12501 9003
12502 9003
12503 9003
12530 9001
12601 9003
12602 9003
12630 9001
12701 9003
12702 9003
12703 9003
12731 9001
12732 9001
12733 9001
12800 9003
12830 9001
12900 9003
12930 9001
13001 9003
13002 9003
13003 9003
13031 9001
13032 9001
13033 9001
13101 9003
13102 9003
13103 9003
13104 9003
13131 9001
13132 9001
13133 9001
13134 9001
13200 9003
13230 9001
13301 9003
13302 9003
13331 9001
13332 9001
13401 9003
13402 9003
13431 9001
13432 9001
13501 9003
13502 9003
13531 9001
13532 9001
13601 9003
13602 9003
13631 9001
13632 9001
13633 9001
13701 9003
13702 9003
13731 9001
13732 9001
13800 9003
13830 9001
13901 9003
13902 9003
13930 9001
14001 9003
14002 9003
14031 9001
14032 9001
14100 9003
14130 9001
14201 9003
14202 9003
14203 9003
14204 9003
14205 9003
14231 9001
14232 9001
14233 9001
14234 9001
14235 9001
14251 9001
14252 9002
14253 9001
14254 9001
14301 9003
14302 9003
14303 9003
14331 9001
14332 9001
14333 9001
14400 9003
14430 9001
14501 9003
14502 9003
14531 9001
14532 9001
14601 9003
14602 9003
14631 9001
14632 9001
14701 9003
14702 9003
14731 9001
14732 9001
14801 9003
14802 9003
14803 9003
14811 9001
14831 9001
14832 9001
14833 9001
14841 9001
14901 9003
14902 9003
14903 9003
14904 9003
14931 9001
14932 9001
14933 9001
14934 9001
15001 9003
15002 9003
15003 9003
15004 9003
15005 9003
15006 9003
15007 9003
15008 9003
15009 9003
15010 9003
15020 9003
15031 9001
15032 9001
15033 9001
15034 9001
15035 9001
15036 9001
15037 9001
15038 9001
15039 9001
15040 9001
15101 9003
15102 9003
15103 9003
15104 9003
15105 9003
15131 9001
15132 9001
15133 9001
15134 9001
15135 9001
15201 9003
15202 9003
15230 9001
15300 9003
15301 9003
15302 9003
15303 9001
15304 9002
15305 9002
15306 9002
15307 9003
15308 9003
15309 9003
15310 9003
15311 9003
15312 9003
15313 9003
15314 9003
15315 9003
15316 9003
15317 9003
15318 9003
15319 9003
15320 9003
15321 9003
15322 9003
15323 9003
15324 9003
15325 9003
15326 9003
15327 9003
15328 9003
15329 9003
15330 9003
15331 9003
15332 9003
15333 9002
15334 9002
15335 9002
15336 9003
15337 9003
15338 9002
15339 9003
15340 9003
15341 9003
15342 9003
15343 9003
15344 9003
15345 9003
15346 9003
15347 9002
15348 9002
15349 9003
15350 9003
15351 9002
15352 9002
15353 9003
15354 9003
15355 9002
15356 9003
15357 9003
15358 9003
15359 9003
15360 9003
15361 9003
15362 9002
15363 9002
15364 9002
15365 9003
15366 9003
15367 9003
15368 9003
15369 9003
15370 9003
15371 9003
15372 9003
15373 9003
15374 9002
15375 9003
15376 9003
15399 9001
15400 9001
15914 9003
15915 9003
15916 9003
15917 9003
16000 9001
16001 9001
16002 9001
16003 9001
16004 9001
16005 9001
16006 9001
16007 9001
16008 9001
16009 9001
16010 9001
16011 9001
16012 9001
16013 9001
16014 9001
16015 9001
16016 9001
16017 9001
16018 9001
16019 9001
16020 9001
16021 9001
16022 9001
16023 9001
16024 9001
16025 9001
16026 9001
16027 9001
16028 9001
16029 9001
16030 9001
16031 9001
16032 9001
16033 9001
16034 9001
16035 9001
16036 9001
16037 9001
16038 9001
16039 9001
16040 9001
16041 9001
16042 9001
16043 9001
16044 9001
16045 9001
16046 9001
16047 9001
16048 9001
16049 9001
16050 9001
16051 9001
16052 9001
16053 9001
16054 9001
16055 9001
16056 9001
16057 9001
16058 9001
16059 9001
16060 9001
16061 9001
16065 9001
16070 9001
16071 9001
16072 9001
16073 9001
16074 9001
16075 9001
16076 9001
16077 9001
16078 9001
16079 9001
16080 9001
16081 9001
16082 9001
16083 9001
16084 9001
16085 9001
16086 9001
16087 9001
16088 9001
16089 9001
16090 9001
16091 9001
16092 9001
16093 9001
16094 9001
16100 9001
16101 9001
16102 9001
16103 9001
16104 9001
16105 9001
16106 9001
16107 9001
16108 9001
16109 9001
16110 9001
16111 9001
16112 9001
16113 9001
16114 9001
16115 9001
16116 9001
16117 9001
16118 9001
16119 9001
16120 9001
16121 9001
16122 9001
16123 9001
16124 9001
16125 9001
16126 9001
16127 9001
16128 9001
16129 9001
16130 9001
16131 9001
16132 9001
16133 9001
16134 9001
16135 9001
16136 9001
16137 9001
16138 9001
16139 9001
16140 9001
16141 9001
16142 9001
16143 9001
16144 9001
16145 9001
16146 9001
16147 9001
16148 9001
16149 9001
16150 9001
16151 9001
16152 9001
16153 9001
16154 9001
16155 9001
16156 9001
16157 9001
16158 9001
16159 9001
16160 9001
16161 9001
16170 9001
16171 9001
16172 9001
16173 9001
16174 9001
16175 9001
16176 9001
16177 9001
16178 9001
16179 9001
16180 9001
16181 9001
16182 9001
16183 9001
16184 9001
16185 9001
16186 9001
16187 9001
16188 9001
16189 9001
16190 9001
16191 9001
16192 9001
16193 9001
16194 9001
16202 9001
16203 9001
16204 9001
16205 9001
16206 9001
16207 9001
16208 9001
16209 9001
16210 9001
16211 9001
16212 9001
16213 9001
16214 9001
16215 9001
16216 9001
16217 9001
16218 9001
16219 9001
16220 9001
16221 9001
16222 9001
16223 9001
16224 9001
16225 9001
16226 9001
16227 9001
16228 9001
16229 9001
16230 9001
16231 9001
16232 9001
16261 9001
16262 9001
16263 9001
16264 9001
16265 9001
16266 9001
16267 9001
16268 9001
16269 9001
16270 9001
16271 9001
16272 9001
16273 9001
16274 9001
16275 9001
16276 9001
16277 9001
16278 9001
16279 9001
16280 9001
16281 9001
16282 9001
16283 9001
16284 9001
16285 9001
16286 9001
16287 9001
16288 9001
16289 9001
16290 9001
16291 9001
16292 9001
16293 9001
16294 9001
16295 9001
16296 9001
16297 9001
16298 9001
16299 9001
16302 9001
16303 9001
16304 9001
16305 9001
16306 9001
16307 9001
16308 9001
16309 9001
16310 9001
16311 9001
16312 9001
16313 9001
16314 9001
16315 9001
16316 9001
16317 9001
16318 9001
16319 9001
16320 9001
16321 9001
16322 9001
16323 9001
16324 9001
16325 9001
16326 9001
16327 9001
16328 9001
16329 9001
16330 9001
16331 9001
16332 9001
16367 9001
16368 9001
16369 9001
16370 9001
16371 9001
16372 9001
16373 9001
16374 9001
16375 9001
16376 9001
16377 9001
16378 9001
16379 9001
16380 9001
16381 9001
16382 9001
16383 9001
16384 9001
16385 9001
16386 9001
16387 9001
16388 9001
16389 9001
16390 9001
16391 9001
16392 9001
16393 9001
16394 9001
16395 9001
16396 9001
16397 9001
16398 9001
16399 9001
16400 9001
16405 9001
16406 9001
16411 9001
16412 9001
16413 9001
16430 9001
16490 9001
16506 9001
16586 9001
16611 9001
16612 9001
16636 9001
16709 9001
16716 9001
16732 9001
17001 9001
17005 9001
17054 9001
17204 9001
17205 9001
17206 9001
17207 9001
17208 9001
17209 9001
17210 9001
17211 9001
17212 9001
17213 9001
17214 9001
17215 9001
17216 9001
17217 9001
17218 9001
17219 9001
17220 9001
17221 9001
17222 9001
17223 9001
17224 9001
17225 9001
17226 9001
17227 9001
17228 9001
17229 9001
17230 9001
17231 9001
17232 9001
17233 9001
17234 9001
17235 9001
17236 9001
17237 9001
17238 9001
17239 9001
17240 9001
17241 9001
17242 9001
17243 9001
17244 9001
17245 9001
17246 9001
17247 9001
17248 9001
17249 9001
17250 9001
17251 9001
17252 9001
17253 9001
17254 9001
17255 9001
17256 9001
17257 9001
17258 9001
17259 9001
17260 9001
17261 9001
17262 9001
17263 9001
17264 9001
17265 9001
17266 9001
17267 9001
17268 9001
17269 9001
17270 9001
17271 9001
17272 9001
17273 9001
17274 9001
17275 9001
17276 9001
17277 9001
17278 9001
17279 9001
17280 9001
17281 9001
17282 9001
17283 9001
17284 9001
17285 9001
17286 9001
17287 9001
17288 9001
17289 9001
17290 9001
17291 9001
17292 9001
17293 9001
17294 9001
17321 9001
17322 9001
17323 9001
17324 9001
17325 9001
17326 9001
17327 9001
17328 9001
17329 9001
17330 9001
17331 9001
17332 9001
17333 9001
17334 9001
17335 9001
17336 9001
17337 9001
17338 9001
17348 9001
17349 9001
17350 9001
17351 9001
17352 9001
17353 9001
17354 9001
17355 9001
17356 9001
17357 9001
17358 9001
17359 9001
17360 9001
17361 9001
17362 9001
17363 9001
17364 9001
17401 9001
17402 9001
17412 9001
17414 9001
17416 9001
17418 9001
17420 9001
17422 9001
17424 9001
17426 9001
17428 9001
17430 9001
17448 9001
17449 9001
17450 9001
17451 9001
17452 9001
17453 9001
17454 9001
17455 9001
17456 9001
17457 9001
17458 9001
17515 9001
17517 9001
17519 9001
17521 9001
17523 9001
17525 9001
17527 9001
17529 9001
17531 9001
17533 9001
17611 9031
17613 9031
17615 9031
17617 9031
17619 9031
17621 9031
17623 9031
17625 9031
17700 9001
17701 9001
17702 9001
17703 9001
17704 9001
17705 9001
17706 9001
17707 9001
17708 9001
17709 9001
17710 9001
17711 9001
17712 9001
17713 9001
17714 9001
17715 9001
17716 9001
17717 9001
17794 9001
17795 9001
17801 9001
17802 9001
17803 9001
17804 9001
17805 9001
17806 9001
17807 9001
17808 9001
17809 9001
17810 9001
17811 9001
17812 9001
17813 9001
17814 9001
17815 9001
17816 9001
17817 9001
17818 9001
17819 9001
17901 9001
17902 9001
17903 9001
17904 9001
17905 9001
17906 9001
17907 9001
17908 9001
17909 9001
17910 9001
17911 9001
17912 9001
17913 9001
17914 9001
17915 9001
17916 9001
17917 9001
17918 9001
17919 9001
17920 9001
17921 9001
17922 9001
17923 9001
17924 9001
17925 9001
17926 9001
17927 9001
17928 9001
17931 9001
17932 9001
17933 9001
17934 9001
17935 9001
17936 9001
17937 9001
17938 9001
17939 9001
17940 9001
17941 9001
17942 9001
17943 9001
17944 9001
17945 9001
17946 9001
17947 9001
17948 9001
17949 9001
17950 9001
17951 9001
17952 9001
17953 9001
17954 9001
17955 9001
17956 9001
17957 9001
17958 9001
18011 9001
18012 9001
18021 9001
18022 9001
18031 9001
18032 9001
18033 9001
18034 9001
18035 9001
18036 9001
18037 9001
18041 9001
18042 9001
18043 9001
18044 9001
18045 9001
18046 9001
18047 9001
18048 9001
18049 9001
18051 9001
18052 9001
18053 9001
18054 9001
18055 9001
18056 9001
18057 9001
18058 9001
18059 9001
18061 9001
18062 9001
18071 9001
18072 9001
18073 9001
18074 9001
18081 9001
18082 9001
18083 9001
18084 9001
18085 9001
18086 9001
18091 9001
18092 9001
18093 9001
18094 9001
18110 9084
18111 9084
18112 9084
18113 9084
18114 9084
18116 9084
18121 9001
18122 9001
18131 9001
18132 9001
18133 9001
18134 9001
18135 9001
18141 9040
18142 9040
18151 9001
18152 9001
18153 9001
18161 9001
18162 9001
18163 9001
18171 9001
18172 9001
18173 9001
18174 9001
18175 9001
18180 9001
18181 9001
18182 9001
18183 9001
18184 9001
18185 9001
18186 9001
18187 9001
18188 9001
18189 9001
18190 9001
18191 9001
18192 9001
18193 9001
18194 9001
18195 9001
18196 9001
18197 9001
18198 9001
18199 9001
18201 9001
18202 9001
18203 9001
18204 9001
18205 9001
18211 9001
18212 9001
18221 9001
18222 9001
18223 9001
18224 9001
18225 9001
18226 9001
18227 9001
18228 9001
18231 9001
18232 9001
18233 9001
18234 9001
18235 9001
18236 9001
18237 9001
18238 9001
18240 9001
18241 9001
18242 9001
18243 9001
18244 9001
18245 9001
18246 9001
18247 9001
18248 9001
18251 9001
18252 9001
18253 9001
18260 9001
18261 9001
18262 9001
18263 9001
18275 9001
18276 9001
18277 9001
18278 9001
18280 9001
18281 9001
18282 9001
18283 9001
18284 9001
18285 9001
18286 9001
18300 9001
18305 9001
18306 9001
18307 9001
18308 9001
18401 9001
18402 9001
18403 9001
18415 9001
18421 9001
18422 9001
18423 9001
18424 9001
18425 9001
18426 9001
18427 9001
18428 9001
18432 9001
18433 9001
18434 9001
18435 9001
18436 9001
18437 9001
18441 9001
18442 9001
18443 9001
18444 9001
18446 9001
18447 9001
18448 9001
18450 9001
18451 9001
18452 9001
19885 9001
19886 9001
19887 9001
19888 9001
19889 9001
19890 9001
19891 9001
19892 9001
19893 9001
19894 9001
19895 9001
19896 9005
19897 9001
19898 9001
19899 9001
19900 9001
19901 9001
19902 9001
19903 9001
19904 9001
19905 9001
19906 9001
19908 9001
19909 9005
19910 9001
19911 9001
19913 9001
19914 9001
19916 9001
19917 9001
19919 9001
19920 9001
19921 9001
19922 9001
19923 9001
19924 9039
19925 9039
19926 9001
19927 9001
19928 9001
19929 9001
19930 9001
19931 9001
19933 9001
19934 9001
19935 9062
19936 9001
19937 9036
19938 9001
19939 9001
19940 9001
19941 9001
19942 9001
19943 9001
19944 9001
19945 9001
19946 9001
19947 9001
19948 9001
19949 9001
19950 9001
19951 9001
19952 9001
19953 9001
19954 9001
19955 9001
19956 9042
19957 9041
19958 9001
19959 9094
19960 9001
19961 9001
19962 9001
19963 9094
19964 9094
19965 9001
19966 9001
19967 9001
19969 9001
19971 9001
19972 9001
19973 9001
19974 9001
19975 9005
19976 9001
19977 9001
19978 9001
19979 9001
19981 9001
19982 9001
19983 9001
19984 9001
19985 9001
19986 9001
19987 9001
19988 9001
19989 9001
19990 9001
19991 9001
19992 9001
19993 9001
19994 9001
19995 9001
19996 9001
19997 9001
19998 9001
19999 9001
